/// SBP Triangle Qx and Qy matrix data arrays, stored in row major format;
/// Thus, when loaded into mfem::DenseMatrix, we store the transposed operator.
const double p0Qx_seg[4] = {-0.5, 0.5, -0.5, 0.5};

const double p1Qx_seg[9] = {-0.5000000000000002, -0.16666666666666657, 0.6666666666666667, 0.16666666666666657, 0.5000000000000002, -0.6666666666666664, -0.6666666666666667, 0.6666666666666664, 0.0};

const double p2Qx_seg[16] = {-0.5, 0.08333333333333327, 0.6741808286457891, -0.25751416197912297, -0.08333333333333327, 0.5, 0.2575141619791231, -0.6741808286457898, -0.6741808286457891, -0.2575141619791231, 0.0, 0.9316949906249126, 0.25751416197912297, 0.6741808286457898, -0.9316949906249126, 0.0};

const double p3Qx_seg[25] = {-0.5000000000000002, -0.0500000000000001, 0.6756502488724212, 0.14101641779424046, -0.26666666666667205, 0.0500000000000001, 0.5000000000000002, -0.14101641779424054, -0.6756502488724213, 0.26666666666667255, -0.6756502488724212, 0.14101641779424054, 0.0, -0.415826313060808, 0.9504601441389896, -0.14101641779424046, 0.6756502488724213, 0.415826313060808, 0.0, -0.9504601441389896, 0.26666666666667205, -0.26666666666667255, -0.9504601441389896, 0.9504601441389896, 0.0};

const double p4Qx_seg[36] = {-0.5, 0.03333333333333333, 0.676094395754648, -0.08999422094603349, -0.26907915135368776, 0.14964564321174234, -0.03333333333333333, 0.5, 0.08999422094603403, -0.6760943957546471, -0.14964564321174223, 0.26907915135368754, -0.676094395754648, -0.08999422094603403, 0.0, 0.24735136431306004, 0.9550538393084307, -0.43631658692081304, 0.08999422094603349, 0.6760943957546471, -0.24735136431306004, 0.0, 0.43631658692081254, -0.9550538393084305, 0.26907915135368776, 0.14964564321174223, -0.9550538393084307, -0.43631658692081254, 0.0, 0.9726456316638089, -0.14964564321174234, -0.26907915135368754, 0.43631658692081304, 0.9550538393084305, -0.9726456316638089, 0.0};

/// SBP Triangle Qx and Qy matrix data arrays, stored in row major format;
/// Thus, when loaded into mfem::DenseMatrix, we store the transposed operator.
const double p0Qx_tri[9] = {-0.1666666666666664, 0.16666666666666685, 2.220446049250313e-16, -0.16666666666666685, 0.16666666666666624, -3.3306690738754696e-16, -0.16666666666666646, 0.16666666666666657, 1.6653345369377348e-16};
const double p0Qy_tri[9] = {-0.16666666666666624, 3.3306690738754696e-16, 0.1666666666666668, -0.16666666666666657, -1.6653345369377348e-16, 0.16666666666666652, -0.1666666666666668, -2.914335439641036e-16, 0.1666666666666664};

const double p1Qx_tri[49] = {-0.08333333333333333, -0.0054119803382487505, -0.002705990169124325, 0.05882862617678911, -0.05242606015162875, 0.0034166458385403485, 0.08163209197700576, 0.0054119803382487505, 0.08333333333333333, 0.002705990169124348, -0.05882862617678912, -0.003416645838540351, 0.052426060151628706, -0.08163209197700581, 0.002705990169124325, -0.002705990169124348, 0.0, -4.937787504936076e-17, 0.05541198033824877, -0.05541198033824871, 4.4482126930789627e-17, -0.05882862617678911, 0.05882862617678912, 4.937787504936076e-17, 0.0, 0.015676080979755046, -0.015676080979754932, -7.096531604639982e-18, 0.05242606015162875, 0.003416645838540351, -0.05541198033824877, -0.015676080979755046, 0.3333333333333333, -0.03135216195951, -0.2867358160459886, -0.0034166458385403485, -0.052426060151628706, 0.05541198033824871, 0.015676080979754932, 0.03135216195951, -0.3333333333333333, 0.2867358160459886, -0.08163209197700576, 0.08163209197700581, -4.4482126930789627e-17, 7.096531604639982e-18, 0.2867358160459886, -0.2867358160459886, 0.0};
const double p1Qy_tri[49] = {-0.08333333333333333, -0.0027059901691244333, -0.005411980338248704, 0.00341664583854018, -0.05242606015162878, 0.05882862617678926, 0.08163209197700579, 0.0027059901691244333, 0.0, -0.0027059901691244594, -0.05541198033824854, 0.05541198033824858, -6.4970888222843104e-18, 7.724028242245641e-17, 0.005411980338248704, 0.0027059901691244594, 0.08333333333333333, 0.05242606015162879, -0.0034166458385401564, -0.05882862617678931, -0.08163209197700581, -0.00341664583854018, 0.05541198033824854, -0.05242606015162879, -0.3333333333333333, 0.03135216195950943, 0.015676080979755664, 0.28673581604598863, 0.05242606015162878, -0.05541198033824858, 0.0034166458385401564, -0.03135216195950943, 0.3333333333333333, -0.015676080979755733, -0.28673581604598875, -0.05882862617678926, 6.4970888222843104e-18, 0.05882862617678931, -0.015676080979755664, 0.015676080979755733, 0.0, -8.515837925567978e-17, -0.08163209197700579, -7.724028242245641e-17, 0.08163209197700581, -0.28673581604598863, 0.28673581604598875, 8.515837925567978e-17, 0.0};

const double p2Qx_tri[144] = {-0.041666666666666664, 0.00165594275882488, 0.0008279713794124311, 0.03913253436415384, -0.004444220053912519, 0.0049259255750383315, 0.013312493473101197, -0.005009746029429529, 0.008811849557497501, -0.01908538524261494, 0.019534336277717283, -0.01799503539312151, -0.00165594275882488, 0.041666666666666664, -0.0008279713794124617, 0.004444220053912544, -0.03913253436415384, -0.008811849557497399, 0.005009746029429624, -0.01331249347310119, -0.004925925575038321, 0.019085385242614984, 0.017995035393121472, -0.019534336277717175, -0.0008279713794124311, 0.0008279713794124617, 0.0, 0.008386567898062898, -0.008386567898062825, 0.0005655259755170869, 0.030320684806656364, -0.030320684806656333, -0.0005655259755170691, 3.4002682184854144e-17, -0.0010903498494934884, 0.0010903498494935356, -0.03913253436415384, -0.004444220053912544, -0.008386567898062898, 0.0, 0.02947272100909271, -0.02250908210650673, 0.020099871329744837, 0.028455906969529425, -0.02141268575426185, -0.0509353001625014, 0.022109436782419688, 0.04668245424861274, 0.004444220053912519, 0.03913253436415384, 0.008386567898062825, -0.02947272100909271, 0.0, 0.021412685754261924, -0.028455906969529505, -0.020099871329744844, 0.02250908210650667, 0.0509353001625013, -0.04668245424861285, -0.022109436782419573, -0.0049259255750383315, 0.008811849557497399, -0.0005655259755170869, 0.02250908210650673, -0.021412685754261924, 0.20833333333333334, -0.014736360504546395, 0.05096498907603598, -0.04019974265948965, -0.07658657029639421, 0.07518510803015496, -0.20737755133828076, -0.013312493473101197, -0.005009746029429624, -0.030320684806656364, -0.020099871329744837, 0.028455906969529505, 0.014736360504546395, 0.20833333333333334, -0.04282537150852383, 0.05096498907603601, -0.18526811455586137, 0.024249807867653638, -0.029904116047781436, 0.005009746029429529, 0.01331249347310119, 0.030320684806656333, -0.028455906969529425, 0.020099871329744844, -0.05096498907603598, 0.04282537150852383, -0.20833333333333334, -0.014736360504546386, 0.18526811455586129, 0.029904116047781485, -0.024249807867653655, -0.008811849557497501, 0.004925925575038321, 0.0005655259755170691, 0.02141268575426185, -0.02250908210650667, 0.04019974265948965, -0.05096498907603601, 0.014736360504546386, -0.20833333333333334, 0.0765865702963942, 0.20737755133828076, -0.0751851080301551, 0.01908538524261494, -0.019085385242614984, -3.4002682184854144e-17, 0.0509353001625014, -0.0509353001625013, 0.07658657029639421, 0.18526811455586137, -0.18526811455586129, -0.0765865702963942, 0.0, -0.11619419587967428, 0.11619419587967363, -0.019534336277717283, -0.017995035393121472, 0.0010903498494934884, -0.022109436782419688, 0.04668245424861285, -0.07518510803015496, -0.024249807867653638, -0.029904116047781485, -0.20737755133828076, 0.11619419587967428, 0.0, 0.2323883917593485, 0.01799503539312151, 0.019534336277717175, -0.0010903498494935356, -0.04668245424861274, 0.022109436782419573, 0.20737755133828076, 0.029904116047781436, 0.024249807867653655, 0.0751851080301551, -0.11619419587967363, -0.2323883917593485, 0.0};
const double p2Qy_tri[144] = {-0.041666666666666664, 0.0008279713794124503, 0.0016559427588248715, 0.008811849557497392, -0.005009746029429643, 0.013312493473101225, 0.004925925575038366, -0.0044442200539124704, 0.039132534364153766, -0.017995035393121424, 0.01953433627771717, -0.019085385242615067, -0.0008279713794124503, 0.0, 0.0008279713794124536, -0.0005655259755170486, -0.030320684806656385, 0.030320684806656322, 0.0005655259755170853, -0.008386567898062811, 0.008386567898062849, 0.0010903498494935573, -0.0010903498494935064, -1.873617181614412e-17, -0.0016559427588248715, -0.0008279713794124536, 0.041666666666666664, -0.004925925575038256, -0.013312493473101103, 0.005009746029429568, -0.008811849557497397, -0.03913253436415373, 0.004444220053912516, -0.019534336277717144, 0.017995035393121486, 0.01908538524261498, -0.008811849557497392, 0.0005655259755170486, 0.004925925575038256, -0.20833333333333334, 0.014736360504546409, -0.050964989076036055, 0.040199742659489446, -0.0225090821065067, 0.021412685754261758, -0.07518510803015485, 0.20737755133828087, 0.07658657029639444, 0.005009746029429643, 0.030320684806656385, 0.013312493473101103, -0.014736360504546409, -0.20833333333333334, 0.042825371508523766, -0.050964989076036186, 0.02009987132974479, -0.028455906969529435, -0.024249807867653586, 0.029904116047781523, 0.18526811455586148, -0.013312493473101225, -0.030320684806656322, -0.005009746029429568, 0.050964989076036055, -0.042825371508523766, 0.20833333333333334, 0.014736360504546284, 0.028455906969529238, -0.020099871329744765, -0.029904116047781374, 0.024249807867653492, -0.18526811455586126, -0.004925925575038366, -0.0005655259755170853, 0.008811849557497397, -0.040199742659489446, 0.050964989076036186, -0.014736360504546284, 0.20833333333333334, -0.02141268575426196, 0.0225090821065067, -0.2073775513382809, 0.07518510803015489, -0.07658657029639426, 0.0044442200539124704, 0.008386567898062811, 0.03913253436415373, 0.0225090821065067, -0.02009987132974479, -0.028455906969529238, 0.02141268575426196, 0.0, -0.029472721009092838, -0.022109436782419573, -0.04668245424861295, 0.05093530016250149, -0.039132534364153766, -0.008386567898062849, -0.004444220053912516, -0.021412685754261758, 0.028455906969529435, 0.020099871329744765, -0.0225090821065067, 0.029472721009092838, 0.0, 0.04668245424861274, 0.022109436782419424, -0.050935300162501584, 0.017995035393121424, -0.0010903498494935573, 0.019534336277717144, 0.07518510803015485, 0.024249807867653586, 0.029904116047781374, 0.2073775513382809, 0.022109436782419573, -0.04668245424861274, 0.0, -0.2323883917593484, -0.11619419587967449, -0.01953433627771717, 0.0010903498494935064, -0.017995035393121486, -0.20737755133828087, -0.029904116047781523, -0.024249807867653492, -0.07518510803015489, 0.04668245424861295, -0.022109436782419424, 0.2323883917593484, 0.0, 0.11619419587967418, 0.019085385242615067, 1.873617181614412e-17, -0.01908538524261498, -0.07658657029639444, -0.18526811455586148, 0.18526811455586126, 0.07658657029639426, -0.05093530016250149, 0.050935300162501584, 0.11619419587967449, -0.11619419587967418, 0.0};

const double p3Qx_tri[324] = {-0.025, 0.00038613834680634244, 0.00019306917340317602, -0.004313294623214622, 0.026150109904194, 0.0008467948480090762, -0.001279375679194124, -0.002591703566416367, -0.006014305111551604, -0.0043919664320535776, 0.0013555869880658275, 0.005674761954426647, -0.009296110467229439, 0.0068994999497265785, -0.007738689099893053, 0.008730947890165592, 0.0066745177079253456, 0.003714018216830397, -0.00038613834680634244, 0.025, -0.0001930691734031676, 0.0043132946232146965, -0.0008467948480091515, -0.026150109904194026, 0.004391966432053574, -0.005674761954426613, -0.0013555869880658225, 0.0012793756791941997, 0.006014305111551616, 0.002591703566416362, 0.009296110467229394, 0.007738689099892987, -0.006899499949726609, -0.00873094789016565, -0.003714018216830388, -0.00667451770792535, -0.00019306917340317602, 0.0001930691734031676, 0.0, -1.811403068897725e-17, -0.003422601545135204, 0.0034226015451352208, 7.867180883891618e-5, -0.0005087921400567256, 0.02047534794976741, -7.867180883894228e-5, -0.02047534794976745, 0.0005087921400567317, -3.1408883937545775e-17, -0.0015574213673364594, 0.0015574213673363512, -3.8101691224041025e-17, 0.00501692967333524, -0.005016929673335273, 0.004313294623214622, -0.0043132946232146965, 1.811403068897725e-17, 0.0, -0.022742479423913452, 0.022742479423913463, 0.013839080476872906, -0.018937679610066337, -0.00023520372509527936, -0.013839080476873072, 0.00023520372509506197, 0.01893767961006634, 3.307510777073195e-17, -0.03459871245122664, 0.034598712451226414, -9.189125306458539e-17, -0.040364384428631335, 0.04036438442863142, -0.026150109904194, 0.0008467948480091515, 0.003422601545135204, 0.022742479423913452, 0.0, -0.0049690326747715815, 0.0005355452305399917, 0.004176389966439341, -0.007673438181237941, 0.019215132348964777, -0.014161663799665686, -0.014668899354750303, 0.018151749264159387, -0.003914929837096848, -0.03305871440935247, 0.025231681429319797, 0.019415762994507504, -0.009141348889919515, -0.0008467948480090762, 0.026150109904194026, -0.0034226015451352208, -0.022742479423913463, 0.0049690326747715815, 0.0, -0.019215132348964697, 0.014668899354750261, 0.014161663799665507, -0.0005355452305398348, 0.007673438181238029, -0.004176389966439356, -0.01815174926415941, 0.03305871440935236, 0.003914929837096865, -0.025231681429319842, 0.00914134888991982, -0.01941576299450745, 0.001279375679194124, -0.004391966432053574, -7.867180883891618e-5, -0.013839080476872906, -0.0005355452305399917, 0.019215132348964697, 0.17777777777777778, 0.012754709966348579, -0.00998776945756491, -0.027678160953745846, 0.038152811959031134, -0.000300341505444743, 0.03163596580772814, -0.18370550217471002, 0.06623467825895417, -0.07008260635708521, -0.006732585472688898, -0.029718221928453626, 0.002591703566416367, 0.005674761954426613, 0.0005087921400567256, 0.018937679610066337, -0.004176389966439341, -0.014668899354750261, -0.012754709966348579, 0.1361111111111111, 0.002484516337385769, -0.0003003415054447031, -0.01833805376610492, 0.01534687636247602, 0.04579753418587275, -0.032433732404120307, 0.008284335438395978, 0.031430964488114665, -0.040255184401736255, -0.14424096382937784, 0.006014305111551604, 0.0013555869880658225, -0.02047534794976741, 0.00023520372509527936, 0.007673438181237941, -0.014161663799665507, 0.00998776945756491, -0.002484516337385769, 0.1361111111111111, 0.03815281195903106, -0.02933779870950058, -0.01833805376610493, 0.004369405601299169, -0.014281983139960834, 0.012738819776520237, -0.12482520083487036, -0.015023502972416588, 0.022289615598194923, 0.0043919664320535776, -0.0012793756791941997, 7.867180883894228e-5, 0.013839080476873072, -0.019215132348964777, 0.0005355452305398348, 0.027678160953745846, 0.0003003415054447031, -0.03815281195903106, -0.17777777777777778, 0.009987769457564933, -0.012754709966348466, -0.031635965807727734, -0.06623467825895436, 0.18370550217470988, 0.07008260635708495, 0.029718221928453817, 0.006732585472688972, -0.0013555869880658275, -0.006014305111551616, 0.02047534794976745, -0.00023520372509506197, 0.014161663799665686, -0.007673438181238029, -0.038152811959031134, 0.01833805376610492, 0.02933779870950058, -0.009987769457564933, -0.1361111111111111, 0.002484516337385778, -0.004369405601299118, -0.012738819776520213, 0.014281983139960831, 0.12482520083487034, -0.022289615598195082, 0.015023502972416558, -0.005674761954426647, -0.002591703566416362, -0.0005087921400567317, -0.01893767961006634, 0.014668899354750303, 0.004176389966439356, 0.000300341505444743, -0.01534687636247602, 0.01833805376610493, 0.012754709966348466, -0.002484516337385778, -0.1361111111111111, -0.04579753418587276, -0.008284335438395978, 0.03243373240412026, -0.031430964488114596, 0.1442409638293779, 0.04025518440173631, 0.009296110467229439, -0.009296110467229394, 3.1408883937545775e-17, -3.307510777073195e-17, -0.018151749264159387, 0.01815174926415941, -0.03163596580772814, -0.04579753418587275, -0.004369405601299169, 0.031635965807727734, 0.004369405601299118, 0.04579753418587276, 0.0, 0.10887349999842644, -0.10887349999842626, -1.0387027068224741e-16, -0.16866652215981862, 0.16866652215981834, -0.0068994999497265785, -0.007738689099892987, 0.0015574213673364594, 0.03459871245122664, 0.003914929837096848, -0.03305871440935236, 0.18370550217471002, 0.032433732404120307, 0.014281983139960834, 0.06623467825895436, 0.012738819776520213, 0.008284335438395978, -0.10887349999842644, 0.0, -0.2177469999968528, -0.08605211896801318, 0.02000500438213754, 0.08261440319180571, 0.007738689099893053, 0.006899499949726609, -0.0015574213673363512, -0.034598712451226414, 0.03305871440935247, -0.003914929837096865, -0.06623467825895417, -0.008284335438395978, -0.012738819776520237, -0.18370550217470988, -0.014281983139960831, -0.03243373240412026, 0.10887349999842626, 0.2177469999968528, 0.0, 0.08605211896801304, -0.08261440319180598, -0.020005004382137637, -0.008730947890165592, 0.00873094789016565, 3.8101691224041025e-17, 9.189125306458539e-17, -0.025231681429319797, 0.025231681429319842, 0.07008260635708521, -0.031430964488114665, 0.12482520083487036, -0.07008260635708495, -0.12482520083487034, 0.031430964488114596, 1.0387027068224741e-16, 0.08605211896801318, -0.08605211896801304, 0.0, 0.048482489012154836, -0.04848248901215527, -0.0066745177079253456, 0.003714018216830388, -0.00501692967333524, 0.040364384428631335, -0.019415762994507504, -0.00914134888991982, 0.006732585472688898, 0.040255184401736255, 0.015023502972416588, -0.029718221928453817, 0.022289615598195082, -0.1442409638293779, 0.16866652215981862, -0.02000500438213754, 0.08261440319180598, -0.048482489012154836, 0.0, -0.0969649780243106, -0.003714018216830397, 0.00667451770792535, 0.005016929673335273, -0.04036438442863142, 0.009141348889919515, 0.01941576299450745, 0.029718221928453626, 0.14424096382937784, -0.022289615598194923, -0.006732585472688972, -0.015023502972416558, -0.04025518440173631, -0.16866652215981834, -0.08261440319180571, 0.020005004382137637, 0.04848248901215527, 0.0969649780243106, 0.0};
const double p3Qy_tri[324] = {-0.025, 0.00019306917340317534, 0.0003861383468063562, -0.004391966432053573, 0.005674761954426614, 0.0013555869880658071, -0.001279375679194162, -0.006014305111551563, -0.0025917035664163716, -0.004313294623214653, 0.0008467948480091287, 0.026150109904194044, -0.007738689099893034, 0.006899499949726573, -0.00929611046722942, 0.003714018216830319, 0.006674517707925368, 0.008730947890165628, -0.00019306917340317534, 0.0, 0.0001930691734031987, -7.867180883892939e-5, 0.0005087921400567093, -0.020475347949767426, 7.867180883890702e-5, 0.02047534794976745, -0.0005087921400567224, 3.933063756862708e-18, 0.003422601545135217, -0.003422601545135227, 0.0015574213673363562, -0.0015574213673364315, -2.9089629150826796e-17, -0.005016929673335305, 0.00501692967333525, 1.2974828406857824e-18, -0.0003861383468063562, -0.0001930691734031987, 0.025, 0.0012793756791941422, 0.0025917035664164267, 0.006014305111551611, 0.004391966432053605, -0.0013555869880657663, -0.005674761954426653, 0.004313294623214667, -0.026150109904194044, -0.0008467948480091219, -0.006899499949726599, 0.007738689099893001, 0.009296110467229371, -0.006674517707925323, -0.003714018216830389, -0.008730947890165621, 0.004391966432053573, 7.867180883892939e-5, -0.0012793756791941422, -0.17777777777777778, -0.012754709966348459, 0.009987769457564948, 0.02767816095374588, -0.03815281195903109, 0.0003003415054444579, 0.013839080476872836, 0.0005355452305397985, -0.019215132348964662, 0.18370550217471004, -0.06623467825895435, -0.03163596580772795, 0.006732585472689173, 0.029718221928453598, 0.07008260635708524, -0.005674761954426614, -0.0005087921400567093, -0.0025917035664164267, 0.012754709966348459, -0.1361111111111111, -0.0024845163373858115, 0.0003003415054447968, 0.018338053766104877, -0.015346876362475996, -0.018937679610066323, 0.004176389966439225, 0.01466889935475038, 0.0324337324041203, -0.008284335438395867, -0.04579753418587275, 0.04025518440173629, 0.14424096382937798, -0.03143096448811468, -0.0013555869880658071, 0.020475347949767426, -0.006014305111551611, -0.009987769457564948, 0.0024845163373858115, -0.1361111111111111, -0.03815281195903103, 0.029337798709500526, 0.018338053766104836, -0.00023520372509522585, -0.007673438181238059, 0.014161663799665561, 0.014281983139961024, -0.012738819776520393, -0.004369405601299049, 0.01502350297241652, -0.022289615598195037, 0.12482520083487048, 0.001279375679194162, -7.867180883890702e-5, -0.004391966432053605, -0.02767816095374588, -0.0003003415054447968, 0.03815281195903103, 0.17777777777777778, -0.009987769457564947, 0.012754709966348627, -0.013839080476872906, 0.019215132348964804, -0.0005355452305399411, 0.0662346782589546, -0.18370550217471007, 0.03163596580772753, -0.029718221928454, -0.0067325854726889315, -0.07008260635708502, 0.006014305111551563, -0.02047534794976745, 0.0013555869880657663, 0.03815281195903109, -0.018338053766104877, -0.029337798709500526, 0.009987769457564947, 0.1361111111111111, -0.002484516337385802, 0.00023520372509514004, -0.014161663799665537, 0.007673438181237917, 0.012738819776520296, -0.014281983139960897, 0.004369405601299139, 0.02228961559819497, -0.015023502972416287, -0.12482520083487056, 0.0025917035664163716, 0.0005087921400567224, 0.005674761954426653, -0.0003003415054444579, 0.015346876362475996, -0.018338053766104836, -0.012754709966348627, 0.002484516337385802, 0.1361111111111111, 0.01893767961006636, -0.014668899354750206, -0.004176389966439286, 0.008284335438396104, -0.03243373240412036, 0.045797534185872804, -0.14424096382937787, -0.04025518440173633, 0.03143096448811465, 0.004313294623214653, -3.933063756862708e-18, -0.004313294623214667, -0.013839080476872836, 0.018937679610066323, 0.00023520372509522585, 0.013839080476872906, -0.00023520372509514004, -0.01893767961006636, 0.0, 0.022742479423913376, -0.022742479423913504, 0.03459871245122668, -0.03459871245122664, 5.917178914079196e-17, 0.040364384428631425, -0.040364384428631286, -1.2815327221114825e-16, -0.0008467948480091287, -0.003422601545135217, 0.026150109904194044, -0.0005355452305397985, -0.004176389966439225, 0.007673438181238059, -0.019215132348964804, 0.014161663799665537, 0.014668899354750206, -0.022742479423913376, 0.0, 0.004969032674771632, 0.003914929837096843, 0.03305871440935247, -0.018151749264159515, -0.019415762994507518, 0.009141348889919583, -0.025231681429319763, -0.026150109904194044, 0.003422601545135227, 0.0008467948480091219, 0.019215132348964662, -0.01466889935475038, -0.014161663799665561, 0.0005355452305399411, -0.007673438181237917, 0.004176389966439286, 0.022742479423913504, -0.004969032674771632, 0.0, -0.03305871440935257, -0.003914929837096838, 0.01815174926415944, -0.009141348889919706, 0.019415762994507337, 0.025231681429319912, 0.007738689099893034, -0.0015574213673363562, 0.006899499949726599, -0.18370550217471004, -0.0324337324041203, -0.014281983139961024, -0.0662346782589546, -0.012738819776520296, -0.008284335438396104, -0.03459871245122668, -0.003914929837096843, 0.03305871440935257, 0.0, 0.2177469999968528, 0.10887349999842644, -0.02000500438213755, -0.08261440319180567, 0.08605211896801268, -0.006899499949726573, 0.0015574213673364315, -0.007738689099893001, 0.06623467825895435, 0.008284335438395867, 0.012738819776520393, 0.18370550217471007, 0.014281983139960897, 0.03243373240412036, 0.03459871245122664, -0.03305871440935247, 0.003914929837096838, -0.2177469999968528, 0.0, -0.1088734999984265, 0.08261440319180548, 0.02000500438213748, -0.08605211896801292, 0.00929611046722942, 2.9089629150826796e-17, -0.009296110467229371, 0.03163596580772795, 0.04579753418587275, 0.004369405601299049, -0.03163596580772753, -0.004369405601299139, -0.045797534185872804, -5.917178914079196e-17, 0.018151749264159515, -0.01815174926415944, -0.10887349999842644, 0.1088734999984265, 0.0, 0.16866652215981853, -0.16866652215981862, 7.97785471351964e-17, -0.003714018216830319, 0.005016929673335305, 0.006674517707925323, -0.006732585472689173, -0.04025518440173629, -0.01502350297241652, 0.029718221928454, -0.02228961559819497, 0.14424096382937787, -0.040364384428631425, 0.019415762994507518, 0.009141348889919706, 0.02000500438213755, -0.08261440319180548, -0.16866652215981853, 0.0, 0.09696497802431021, 0.048482489012155267, -0.006674517707925368, -0.00501692967333525, 0.003714018216830389, -0.029718221928453598, -0.14424096382937798, 0.022289615598195037, 0.0067325854726889315, 0.015023502972416287, 0.04025518440173633, 0.040364384428631286, -0.009141348889919583, -0.019415762994507337, 0.08261440319180567, -0.02000500438213748, 0.16866652215981862, -0.09696497802431021, 0.0, -0.048482489012155364, -0.008730947890165628, -1.2974828406857824e-18, 0.008730947890165621, -0.07008260635708524, 0.03143096448811468, -0.12482520083487048, 0.07008260635708502, 0.12482520083487056, -0.03143096448811465, 1.2815327221114825e-16, 0.025231681429319763, -0.025231681429319912, -0.08605211896801268, 0.08605211896801292, -7.97785471351964e-17, -0.048482489012155267, 0.048482489012155364, 0.0};

